image_width: @WIDTH
image_height: @HEIGHT
camera_name: foobar
camera_matrix:
  rows: 3
  cols: 3
  data: [1314.271618, 0, 788.687059, 0, 1322.595873, 564.490154, 0, 0, 1]
distortion_model: plumb_bob
distortion_coefficients:
  rows: 1
  cols: 5
  data: [0.041836, -0.133162, -0.000345, 0.002853, 0]
rectification_matrix:
  rows: 3
  cols: 3
  data: [1, 0, 0, 0, 1, 0, 0, 0, 1]
projection_matrix:
  rows: 3
  cols: 4
  data: [1309.670288, 0, 792.06609, 0, 0, 1325.86792, 563.44279, 0, 0, 0, 1, 0]