image_width: 1600
image_height: 1200
camera_name: narrow_stereo/left
camera_matrix:
  rows: 3
  cols: 3
  data: [1288.67221, 0, 804.516646, 0, 1293.937265, 576.64804, 0, 0, 1]
distortion_model: plumb_bob
distortion_coefficients:
  rows: 1
  cols: 5
  data: [0.044772, -0.142421, -0.001604, 0.003389, 0]
rectification_matrix:
  rows: 3
  cols: 3
  data: [1, 0, 0, 0, 1, 0, 0, 0, 1]
projection_matrix:
  rows: 3
  cols: 4
  data: [1282.21106, 0, 809.62886, 0, 0, 1297.246338, 574.554852, 0, 0, 0, 1, 0]