image_width: 800
image_height: 600
camera_name: foobar
camera_matrix:
  rows: 3
  cols: 3
  data: [650.120587, 0, 393.803651, 0, 650.109802, 285.753203, 0, 0, 1]
distortion_model: plumb_bob
distortion_coefficients:
  rows: 1
  cols: 5
  data: [0.030309, -0.117049, 0.001128, 0.001964, 0]
rectification_matrix:
  rows: 3
  cols: 3
  data: [1, 0, 0, 0, 1, 0, 0, 0, 1]
projection_matrix:
  rows: 3
  cols: 4
  data: [645.766174, 0, 394.549508, 0, 0, 649.864929, 285.618854, 0, 0, 0, 1, 0]